7.38435084723729e-12	1.8885576670290646e-19	0.0	0.0
8.693011377292027e-12	2.408522605431403e-19	0.0	0.0
1.0233593773629931e-11	3.0921236028811027e-19	0.0	0.0
1.2047199417418346e-11	3.995943721749667e-19	0.0	0.0
1.418221371086168e-11	5.197236721946186e-19	0.0	0.0
1.669559695784688e-11	6.801696927922179e-19	0.0	0.0
1.9654404015738382e-11	8.954190600300352e-19	0.0	0.0
2.3137573261426922e-11	1.185358503846743e-18	0.0	0.0
2.7238032496828654e-11	1.5145666732129679e-18	0.0	0.0
3.2065178430494925e-11	1.943713563535647e-18	0.0	0.0
3.774779508757362e-11	2.510933296746012e-18	0.0	0.0
4.4437489705800564e-11	3.2646252427706906e-18	0.0	0.0
5.231273749269275e-11	4.2709995044499506e-18	0.0	0.0
6.158364319425957e-11	5.6207960298485004e-18	0.0	0.0
7.249754651494512e-11	7.438569146788622e-18	0.0	0.0
8.534562032831061e-11	9.524347845606674e-18	0.0	0.0
1.004706403401286e-10	1.2218468695253572e-17	0.0	0.0
1.182761290027103e-10	1.5778288064003587e-17	0.0	0.0
1.3923712133705587e-10	2.0507029318560486e-17	0.0	0.0
1.6391283854132504e-10	2.6819454844789334e-17	0.0	0.0
1.9296160756837506e-10	3.528393573304584e-17	0.0	0.0
2.2715842477676128e-10	4.668058253778074e-17	0.0	0.0
2.6741562865593233e-10	5.989509854133519e-17	0.0	0.0
3.148072482860947e-10	7.68086973283842e-17	0.0	0.0
3.705976522332889e-10	9.915017664458752e-17	0.0	0.0
4.3627528123881426e-10	1.288192517877965e-16	0.0	0.0
5.135923592838198e-10	1.6841414916129006e-16	0.0	0.0
6.046116416929786e-10	2.2149501328496123e-16	0.0	0.0
7.117614480625202e-10	2.9294786579390537e-16	0.0	0.0
8.379004272410132e-10	3.7666607265140127e-16	0.0	0.0
9.863938686366496e-10	4.828509944871081e-16	0.0	0.0
1.1612034601818048e-9	6.230688286357053e-16	0.0	0.0
1.3669929804648307e-9	8.092215024129053e-16	0.0	0.0
1.6092527303241203e-9	1.0575853712659353e-15	0.0	0.0
1.894446011210029e-9	1.3904604673102709e-15	0.0	0.0
2.2301815631116282e-9	1.8384492642831012e-15	0.0	0.0
2.625416440051529e-9	2.3688137157149636e-15	0.0	0.0
3.0906952240239395e-9	3.035463253309877e-15	0.0	0.0
3.6384312385812165e-9	3.915502371778436e-15	0.0	0.0
4.283237679699446e-9	5.083498472567948e-15	0.0	0.0
5.0423175287864785e-9	6.641413921836783e-15	0.0	0.0
5.935922525487325e-9	8.728932370964238e-15	0.0	0.0
6.987893483479029e-9	1.1537726234624195e-14	0.0	0.0
8.226295654368633e-9	1.4897537911182586e-14	0.0	0.0
9.684168815703207e-9	1.9082969453676066e-14	0.0	0.0
1.1400408390990098e-8	2.4606390167607944e-14	0.0	0.0
1.3420802658210619e-8	3.1934979456523117e-14	0.0	0.0
1.5799254675925482e-8	4.1707478963350967e-14	0.0	0.0
1.8599220447338435e-8	5.4798848121298866e-14	0.0	0.0
2.1895401978629e-8	7.240959377941995e-14	0.0	0.0
2.577573631453461e-8	9.369302791298108e-14	0.0	0.0
3.0343748578685123e-8	1.199709403259104e-13	0.0	0.0
3.5721313718063555e-8	1.546383765529146e-13	0.0	0.0
4.205190369805002e-8	2.006223273653187e-13	0.0	0.0
4.950441761151214e-8	2.619242037761653e-13	0.0	0.0
5.8277688246453845e-8	3.4402466151518776e-13	0.0	0.0
6.860578744696618e-8	4.544429005358125e-13	0.0	0.0
8.076424849442521e-8	5.892630831810513e-13	0.0	0.0
9.5077451927923e-8	7.542499831075471e-13	0.0	0.0
1.1192729095754669e-7	9.71841926011192e-13	0.0	0.0
1.3176332495141782e-7	1.2603773366327377e-12	0.0	0.0
1.5511479025543504e-7	1.6449232935169735e-12	0.0	0.0
1.8260472281384795e-7	2.1598102399666772e-12	0.0	0.0
2.1496658446205202e-7	2.852133805407552e-12	0.0	0.0
2.53063719368021e-7	3.714464375164454e-12	0.0	0.0
2.979125332270236e-7	4.7741581258455366e-12	0.0	0.0
3.507097445199503e-7	6.176536530219986e-12	0.0	0.0
4.1286407298101525e-7	8.042092580858634e-12	0.0	0.0
4.860339307579738e-7	1.0535732286034022e-11	0.0	0.0
5.721716877567021e-7	1.3883542925515205e-11	0.0	0.0
6.735748576809543e-7	1.7734350924710706e-11	0.0	0.0
7.929495176322006e-7	2.265776675260239e-11	0.0	0.0
9.334810804127692e-7	2.91407257671458e-11	0.0	0.0
1.0989194641166801e-6	3.772469401737684e-11	0.0	0.0
1.293679333581299e-6	4.9149378383772865e-11	0.0	0.0
1.5229570683697604e-6	6.3831215718065e-11	0.0	0.0
1.7928673226017134e-6	8.050151538015012e-11	0.0	0.0
2.1106153747176515e-6	1.0219354785723069e-10	0.0	0.0
2.484680654872924e-6	1.3059497592165446e-10	0.0	0.0
2.9250459333226976e-6	1.6800034567875993e-10	0.0	0.0
3.4434639784404365e-6	2.1753740100896441e-10	0.0	0.0
4.053764054039157e-6	2.7430935482958805e-10	0.0	0.0
4.772230126847433e-6	3.395375409244279e-10	0.0	0.0
5.618027281277406e-6	4.2630142483870594e-10	0.0	0.0
6.613739947373493e-6	5.387016902460124e-10	0.0	0.0
7.785945018213103e-6	6.85240452245995e-10	0.0	0.0
9.16593274009969e-6	8.774540815966977e-10	0.0	0.0
1.0790478726502167e-5	1.09755316569325e-9	0.0	0.0
1.2702979390361825e-5	1.3777730037637518e-9	0.0	0.0
1.4954493450071871e-5	1.7407249537508861e-9	0.0	0.0
1.760513142280236e-5	2.2138313988855123e-9	0.0	0.0
2.0725540964340315e-5	2.7742796325642167e-9	0.0	0.0
2.4399036353344144e-5	3.4633780109073527e-9	0.0	0.0
2.872374389406941e-5	4.3507802965502696e-9	0.0	0.0
3.3815146153663784e-5	5.50102454568042e-9	0.0	0.0
3.980900535177948e-5	6.9085174064123075e-9	0.0	0.0
4.686519215301494e-5	8.586223602383579e-9	0.0	0.0
5.517234628316741e-5	1.0736187748014795e-8	0.0	0.0
6.495234431978762e-5	1.350960166197225e-8	0.0	0.0
7.646619383368735e-5	1.70061657410915e-8	0.0	0.0
9.00204646303101e-5	2.1061644137638694e-8	0.0	0.0
0.00010597794195766977	2.6237750168361327e-8	0.0	0.0
0.00012476495147433736	3.288815981852941e-8	0.0	0.0
0.00014688353755813383	4.148906426542794e-8	0.0	0.0
0.00017292214283363226	5.020918932534231e-8	0.0	0.0
0.0002035769274342809	6.161655348963613e-8	0.0	0.0
0.00023966670930306076	7.666068007310715e-8	0.0	0.0
0.00028215687213653924	9.596233042643851e-8	0.0	0.0
0.00033217900167682566	1.192695212819905e-7	0.0	0.0
0.0003910711435693902	1.48437628879793e-7	0.0	0.0
0.00046040911687689277	1.858737097225791e-7	0.0	0.0
0.0005420394182101953	2.313128031278721e-7	0.0	0.0
0.0006381464013850038	2.882468155852759e-7	0.0	0.0
0.0007512936873568919	3.5032856377156783e-7	0.0	0.0
0.000884509063548994	4.1958797114208963e-7	0.0	0.0
0.0010413384074226956	5.174001819531333e-7	0.0	0.0
0.0012259869952941957	6.437555950921231e-7	0.0	0.0
0.001443395533178107	8.042664434578358e-7	0.0	0.0
0.0016993341951492568	9.81837149097714e-7	0.0	0.0
0.0020006841282181444	1.2043964341319703e-6	0.0	0.0
0.0023555100411247606	1.484997370140131e-6	0.0	0.0
0.002773220734907368	1.8376808819631436e-6	0.0	0.0
0.0032650608296908145	2.2874049956725216e-6	0.0	0.0
0.003844184022196051	2.8568330278572485e-6	0.0	0.0
0.0045260230161134575	3.5548514544993784e-6	0.0	0.0
0.005328816249067418	4.416072176278467e-6	0.0	0.0
0.00627403863687256	5.395552400468011e-6	0.0	0.0
0.007387014409973437	6.526244912427623e-6	0.0	0.0
0.008697406524902968	8.102454078621891e-6	0.0	0.0
0.010240361921125228	1.0072822308592503e-5	0.0	0.0
0.012057190354108266	1.2535959319789864e-5	0.0	0.0
0.014196471560762845	1.559362664792428e-5	0.0	0.0
0.016715262159570938	1.8779700863377765e-5	0.0	0.0
0.019681294079452433	2.2877828647177332e-5	0.0	0.0
0.023173814266084784	2.846617343124213e-5	0.0	0.0
0.0272862788868551	3.537768693548637e-5	0.0	0.0
0.032128574857401136	4.282307945875953e-5	0.0	0.0
0.03783101393634488	5.169884293709511e-5	0.0	0.0
0.04454555096474607	6.423356759182965e-5	0.0	0.0
0.05245258468208867	7.983779351288129e-5	0.0	0.0
0.061764080195671485	9.417769602642382e-5	0.0	0.0
0.07272780338820005	0.00011413499708518803	0.0	0.0
0.08563955144134337	0.0001400501736889028	0.0	0.0
0.10084469346250147	0.00017422771820174268	0.0	0.0
0.11874979005125845	0.00020746165977368546	0.0	0.0
0.1398344375008538	0.0002506566886634526	0.0	0.0
0.1646666023353298	0.00030684312364682233	0.0	0.0
0.1939094702105058	0.00037867343645105834	0.0	0.0
0.22834827995792947	0.0004550819925460568	0.0	0.0
0.2688433242916155	0.0005329968009751245	0.0	0.0
0.3165042538448998	0.0006193060610379438	0.0	0.0
0.37261798150245773	0.000717766890716136	0.0	0.0
0.43868494599839125	0.0008293196050898145	0.0	0.0
0.5164724315255554	0.0009546030525266406	0.0	0.0
0.6080622196536709	0.0010937205687982343	0.0	0.0
0.7159068255863675	0.0012458947615014827	0.0	0.0
0.8428958938787499	0.0014089645326686635	0.0	0.0
0.992434628639337	0.0015786591146782704	0.0	0.0
1.1685364943008882	0.0017475579562481161	0.0	0.0
1.3759328591925934	0.0019036092119828923	0.0	0.0
1.620202782971321	0.0020280294220049364	0.0	0.0
1.9078953252527993	0.002122763316680764	0.0	0.0
2.2463811259888025	0.0025261752868275676	0.0	0.0
2.6449952861594195	0.0030115808022765735	0.0	0.0
3.1143343771696874	0.003609578950066492	0.0	0.0
3.666982908933731	0.004348388340083355	0.0	0.0
4.317681196335774	0.00525817425447863	0.0	0.0
5.083897589217281	0.006373189496435799	0.0	0.0
5.986122230531131	0.00773601763310331	0.0	0.0
7.048501445691916	0.00941028805614205	0.0	0.0
8.299491452695369	0.011431495044232201	0.0	0.0
9.772574099571887	0.013866740023938439	0.0	0.0
11.50718986070783	0.016802461789476714	0.0	0.0
13.54977899254687	0.020298755656952456	0.0	0.0
15.955050576655754	0.024429196223174084	0.0	0.0
18.78737915789249	0.029221126859273455	0.0	0.0
22.122554874660203	0.03470935140185059	0.0	0.0
26.049849225084152	0.04081809164185227	0.0	0.0
30.67426159332643	0.047320997718445425	0.0	0.0
36.11934850107011	0.05429276929101038	0.0	0.0
42.53070847579206	0.06154937192801538	0.0	0.0
50.079588557892045	0.06872880112330565	0.0	0.0
58.96745275112064	0.07604546395353959	0.0	0.0
69.4323677780457	0.09321004424761535	0.0	0.0
81.75776056235364	0.15163408143386456	0.08448553658161938	0.00203737884915846
96.28819152011239	0.34513788281973695	0.09926614733736498	0.0025904276229072377
113.44461226349571	0.7542663849182236	0.11663196600576997	0.0032757117577911906
133.74434087994976	1.5529148885070594	0.1370067607464366	0.00415105054122844
157.83574451225041	3.020670418631494	0.16085880985436135	0.00531510043363557
186.5436337626805	5.587626668974172	0.1886985088776073	0.006924873268275093
220.93297368847442	9.892887366784032	0.22107833856880188	0.009213574138015818
262.39268281681154	16.859146380303557	0.2586012997139809	0.012503127969490921
312.75519312260985	27.81278535341031	0.301939588769624	0.017210180085489298
374.4580150649144	44.65332580742402	0.3518676263278257	0.02384211707479756
450.77396127674893	70.07525337445423	0.4092996754810371	0.03299364590860627
546.1168381967298	107.80226889825292	0.4753183290303753	0.045358564718014256
666.4494342684638	162.8285200748586	0.5511911040910258	0.0617605607265379
819.8052563198759	241.7088682897554	0.6384661282030109	0.08311331562032122
1016.9715556363778	353.05904541938685	0.7395729114960629	0.10988541227463973
1272.4127085176494	508.4648468334673	0.8596982737609674	0.14030172623903214
