0.0	0.0	0.0	0.0	0.0	0.0	0.0	0.0
0.01	0.0	0.0	0.0	0.0	0.0	0.0	0.0
0.02	0.0	0.0	0.0	0.0	0.0	0.0	0.0
0.03	0.0	0.0	0.0	0.0	0.0	0.0	0.0
0.04	0.0	0.0	0.0	0.0	0.0	0.0	0.0
0.04909206639130665	0.0009079336086933493	0.0	0.0	0.0	0.0	0.0009079336086933493	0.0
0.05869934498043002	0.0013006550195699775	0.0	0.0	0.0	0.0	0.0013006550195699775	0.0
0.06825488154439913	0.0017451184556008736	0.0	0.0	0.0	0.0	0.0017451184556008736	0.0
0.07776607853171352	0.0022339214682864854	0.0	0.0	0.0	0.0	0.0022339214682864854	0.0
0.08723920514620823	0.0027607948537917743	0.0	0.0	0.0	0.0	0.0027607948537917743	0.0
0.09667947783652617	0.0033205221634738315	0.0	0.0	0.0	0.0002453138610099913	0.0033205221634738315	0.0
0.10609118924018525	0.003908810759814748	0.0	0.0	0.0	0.00035731817153047247	0.003908810759814748	0.0
0.11547784368719415	0.004522156312805855	0.0	0.0	0.0	0.00048725894422390443	0.004522156312805855	0.0
0.12483903524224327	0.005160964757756733	0.0	0.0	0.0	0.0006353345781661704	0.005156645425853284	4.319331903448765e-6
0.13408672643709077	0.005913273562909233	0.0	0.0	0.0	0.0007989885003087574	0.005779076665703018	0.00013419689720621538
0.14326164806282848	0.006738351937171507	0.0	0.0	0.0	0.0009795562980961917	0.006397504905543422	0.00034084703162808435
0.1523883819249073	0.007611618075092693	0.0	0.0	0.0	0.0011776321599935619	0.007017124893264332	0.0005944931818283607
0.16147723300519412	0.00852276699480588	0.0	0.0	0.0	0.0013932474000369643	0.007639422029325941	0.0008833449654799385
0.17053433175796243	0.009465668242037576	0.0	0.0	0.0	0.0016262256844639831	0.008265064622147454	0.0012006036198901214
0.17956378267581466	0.010436217324185341	0.0	0.0	0.0	0.0018762736371626522	0.008894430617174988	0.0015417867070103535
0.18856850299052397	0.011431497009476033	0.0	0.0	0.0	0.0	0.00952777796142709	0.0019037190480489432
0.1975506396358542	0.0124493603641458	0.0	0.0	0.0	0.0029257334635526266	0.01016531157899247	0.0022840487851533294
0.20651180781459824	0.013488192185401753	0.0	0.0	0.0	0.003224656319244025	0.010807212012811292	0.0026809801725904605
0.21545324058737345	0.014546759412626576	0.0	0.0	0.0	0.0035389271847136063	0.011453647891535985	0.0030931115210905916
0.2243758887484459	0.015624111251554077	0.0	0.0	0.0	0.0038680662965889794	0.012104781107284674	0.0035193301442694035
0.23328049047733623	0.016719509522663767	0.0	0.0	0.0	0.004211586174862681	0.012760768673607426	0.003958740849056341
0.24216762167662012	0.017832378323379895	0.0	0.0	0.0	0.004568997431058526	0.013421762983352485	0.0044106153400274095
0.25103773310929495	0.01896226689070507	0.0	0.0	0.0	0.004939813047573318	0.014087911476262831	0.00487435541444224
0.25989117840502385	0.020108821594976206	0.0	0.0	0.0	0.005323551601381659	0.014759356070301526	0.005349465524674681
0.2687282354178577	0.021271764582142312	0.0	0.0	0.0	0.005719739709204221	0.015436232616779948	0.005835531965362366
0.2775491227294569	0.02245087727054308	0.0	0.0	0.0	0.006127913879093191	0.016118670440711053	0.006332206829832025
0.28635401248555664	0.023645987514443374	0.0	0.0	0.0	0.00654762189721018	0.01680679201719828	0.006839195497245095
0.2951430404517224	0.02485695954827759	0.0	0.0	0.0	0.006978423846091951	0.017500712779562128	0.007356246768715464
0.303916313934096	0.02608368606590401	0.0	0.0	0.0	0.007419892827383915	0.018200541044766635	0.007883145021137374
0.3126739180065572	0.027326081993442858	0.0	0.0	0.0	0.007871615445579827	0.018906378059355848	0.008419703934087011
0.3214159204827703	0.028584079517229685	0.0	0.0	0.0	0.008333192099962913	0.019618318102992693	0.008965761414236991
0.33014237583759	0.02985762416241	0.0	0.0	0.0	0.00880423711975385	0.020336448672884245	0.009521175489525757
0.33885332829299347	0.031146671707006524	0.0	0.0	0.0	0.009284378772532182	0.021060850731781586	0.01008582097522494
0.34754881432696916	0.03245118567303085	0.0	0.0	0.0	0.009773259172396753	0.021791598954039256	0.010659586718991589
0.35622886459082315	0.03377113540917689	0.0	0.0	0.0	0.010270534104994804	0.022528762039989533	0.011242373369187354
0.36489350547831834	0.03510649452168167	0.0	0.0	0.0	0.010775872789213263	0.023272403010240736	0.011834091511440936
0.3735427603373603	0.036457239662639696	0.0	0.0	0.0	0.011288957587582709	0.024022579523555437	0.012434660139084256
0.3821766504494884	0.03782334955051161	0.0	0.0	0.0	0.011809483678167296	0.024779344178760713	0.013044005371750893
0.3907951957534756	0.039204804246524394	0.0	0.0	0.0	0.012337158696189695	0.025542744838198177	0.013662059408326219
0.39939841545633825	0.040601584543661765	0.0	0.0	0.0	0.012871702355436502	0.02631282491287469	0.01428875963078707
0.4079863442171152	0.04201365578288482	0.0	0.0	0.0	0.013412842372719126	0.027089615006290577	0.014924040776594245
0.4165589785743275	0.0434410214256725	0.0	0.0	0.0	0.013960326951680485	0.027873162847709958	0.015567858577962545
0.4251163473418778	0.04488365265812218	0.0	0.0	0.0	0.014513907204757967	0.028663494954977196	0.016220157703144982
0.4336584709180143	0.046341529081985695	0.0	0.0	0.0	0.01507334712988232	0.029460639393285415	0.01688088968870028
0.4421853704209142	0.04781462957908575	0.0	0.0	0.0	0.015638420713031693	0.03026462105526279	0.017550008523822963
0.4506970678365614	0.0493029321634386	0.0	0.0	0.0	0.016208911594249115	0.031075461853289438	0.01822747031014916
0.4591935860435562	0.050806413956443794	0.0	0.0	0.0	0.016784612672901017	0.03189318094677405	0.01891323300966975
0.46767494891550354	0.05232505108449649	0.0	0.0	0.0	0.017365325723722777	0.03271779489931122	0.019607256185185277
0.4761411813181025	0.053858818681897534	0.0	0.0	0.0	0.017950861020617725	0.033549317869124434	0.0203095008127731
0.48459230914910517	0.05540769085089484	0.0	0.0	0.0	0.018541036972449815	0.03438776175526743	0.021019929095627415
0.4930283593029024	0.05697164069709763	0.0	0.0	0.0	0.019135679768716038	0.03523313636646385	0.021738504330633776
0.5014493597356406	0.05855064026435936	0.0	0.0	0.0	0.019734623039254117	0.036085449519640135	0.022465190744719227
0.5098553393687161	0.0601446606312839	0.0	0.0	0.0	0.02033770752303472	0.03694470721190503	0.023199953419378874
0.5182463281749928	0.061753671825007135	0.0	0.0	0.0	0.020944780752474666	0.03781091368161352	0.023942758143393618
0.5266223570706218	0.06337764292937816	0.0	0.0	0.0	0.021555696746947253	0.03868407156353381	0.024693571365844345
0.5349834579482753	0.06501654205172469	0.0	0.0	0.0	0.022170315720611254	0.03956418195823471	0.025452360093489983
0.5433296636680386	0.06667033633196137	0.0	0.0	0.0	0.022788503801908232	0.04045124451596212	0.026219091815999258
0.5516610080062699	0.06833899199373004	0.0	0.0	0.0	0.023410132764010532	0.04134525753559129	0.026993734458138758
0.5599775256347158	0.07002247436528418	0.0	0.0	0.0	0.024035079767418484	0.042246218040644226	0.027776256324639956
0.5682792521316669	0.07172074786833318	0.0	0.0	0.0	0.024663227114546465	0.043154121832275225	0.02856662603605796
0.5765662239371431	0.07343377606285693	0.0	0.0	0.0	0.025294462014115282	0.0440689635669583	0.029364812495898632
0.5848384783681235	0.07516152163187649	0.0	0.0	0.0	0.025928676357411785	0.04499073679734765	0.03017078483452884
0.5930960535590026	0.07690394644099743	0.0	0.0	0.0	0.026565766503287402	0.04591943404884543	0.030984512392151997
0.6013389884510099	0.07866101154899013	0.0	0.0	0.0	0.02720563307416565	0.046855046866177065	0.031805964682813076
0.6095673228291831	0.08043267717081687	0.0	0.0	0.0	0.027848180762156397	0.047797565831281225	0.032635111339535644
0.6177810972229372	0.08221890277706276	0.0	0.0	0.0	0.02849331814202963	0.048746980650737626	0.03347192212632514
0.6259803529781935	0.08401964702180639	0.0	0.0	0.0	0.029140957495992374	0.049703280149101525	0.034316366872704875
0.6341651321707371	0.08583486782926286	0.0	0.0	0.0	0.029791014643954835	0.05066645234416885	0.03516841548509402
0.6423354776550805	0.08766452234491956	0.0	0.0	0.0	0.03044340878427716	0.05163648444794875	0.03602803789697081
0.6504914329893906	0.08950856701060941	0.0	0.0	0.0	0.031098062340054262	0.05261336293135505	0.036895204079254354
0.658633042460565	0.09136695753943502	0.0	0.0	0.0	0.031754900814341534	0.053597073533863115	0.0377698840055719
0.6667603510960044	0.09323964890399564	0.0	0.0	0.0	0.03241385265227091	0.054587601278578306	0.038652047625417324
0.6748734045571618	0.09512659544283814	0.0	0.0	0.0	0.03307484910765136	0.05558493054825674	0.0395416648945814
0.6829722492763493	0.09702775072365075	0.0	0.0	0.0	0.03373782412028729	0.05658904503124397	0.04043870569240677
0.6910569322828558	0.09894306771714424	0.0	0.0	0.0	0.03440271419376176	0.05759992783036208	0.04134313988678216
0.6991275013118654	0.10087249868813468	0.0	0.0	0.0	0.035069458284065005	0.05861756142113248	0.0422549372670022
0.7071840047298471	0.10281599527015298	0.0	0.0	0.0	0.0357379976902812	0.05964192770586164	0.04317406756429134
0.7152264915184803	0.10477350848151973	0.0	0.0	0.0	0.03640827595179782	0.06067300803575959	0.04410050044576013
0.723255011366793	0.10674498863320686	0.0	0.0	0.0	0.037080238752089746	0.0617107831751776	0.04503420545802927
0.7312696144989376	0.10873038550106243	0.0	0.0	0.0	0.03775383382260201	0.06275523340422368	0.045975152096838744
0.7392703517567889	0.11072964824321105	0.0	0.0	0.0	0.03842901085581198	0.06380633848634186	0.046923309756869196
0.7472572745965258	0.11274272540347419	0.0	0.0	0.0	0.03910572142080473	0.06486407768053087	0.04787864772294331
0.755230435012087	0.11476956498791305	0.0	0.0	0.0	0.03978391888150211	0.06592842979129054	0.048841135196622504
0.7631898856439177	0.1168101143560823	0.0	0.0	0.0	0.04046355832227262	0.06699937312060981	0.04981074123547249
0.7711356795700774	0.11886432042992254	0.0	0.0	0.0	0.04114459647145064	0.06807688558615867	0.05078743484376388
0.7790678705174128	0.12093212948258722	0.0	0.0	0.0	0.041826991635643046	0.0691609446184422	0.05177118486414501
0.7869865126472575	0.12301348735274259	0.0	0.0	0.0	0.042510703629891525	0.0702515272807172	0.05276196007202539
0.7948916607174729	0.12510833928252718	0.0	0.0	0.0	0.04319569371757579	0.07134861019107051	0.05375972909145666
0.8027833699009148	0.12721663009908524	0.0	0.0	0.0	0.043881924547228376	0.07245216962414695	0.054764460474938284
0.8106616959444963	0.12933830405550364	0.0	0.0	0.0	0.04456936009823857	0.07356218143406057	0.05577612262144308
0.8185266950305832	0.1314733049694168	0.0	0.0	0.0	0.04525796562362486	0.07467862113282116	0.05679468383659565
0.8263784237518077	0.13362157624819226	0.0	0.0	0.0	0.04594770759800536	0.07580146390895309	0.05782011233923918
0.8342169392536489	0.1357830607463511	0.0	0.0	0.0	0.04663855367024383	0.07693068455815068	0.05885237618820043
0.8420422989975713	0.13795770100242863	0.0	0.0	0.0	0.047330472612074105	0.07806625761195113	0.05989144339047749
0.849854560968957	0.14014543903104298	0.0	0.0	0.0	0.048023434276748815	0.07920815723369577	0.06093728179734722
0.8576537834731623	0.1423462165268376	0.0	0.0	0.0	0.04871740955218653	0.08035635732937532	0.06198985919746227
